V 1188 656
255.0 0 655
255.0 0 655
255.0 0 655
255.0 0 655
255.0 0 655
255.0 0 655
255.0 0 655
255.0 0 655
255.0 0 655
255.0 0 655
255.0 0 655
255.0 0 655
255.0 0 655
255.0 0 655
255.0 0 655
255.0 0 655
255.0 0 655
255.0 0 655
255.0 0 655
255.0 0 655
255.0 0 655
255.0 0 655
255.0 0 655
255.0 0 655
255.0 0 655
255.0 0 655
255.0 0 655
255.0 0 655
255.0 0 655
255.0 0 655
255.0 0 655
255.0 0 655
255.0 0 655
255.0 0 655
255.0 0 655
255.0 0 655
255.0 0 655
255.0 0 655
255.0 0 655
255.0 0 655
255.0 0 655
255.0 0 655
255.0 0 655
255.0 0 655
255.0 0 655
255.0 0 655
255.0 0 655
255.0 0 655
255.0 0 655
255.0 0 655
255.0 0 655
255.0 0 655
255.0 0 655
255.0 0 655
255.0 0 655
255.0 0 655
255.0 0 655
255.0 0 655
255.0 0 655
255.0 0 655
255.0 0 655
255.0 0 655
255.0 0 655
255.0 0 655
255.0 0 655
255.0 0 655
255.0 0 655
255.0 0 655
255.0 0 655
255.0 0 655
255.0 0 655
255.0 0 655
255.0 0 655
255.0 0 655
255.0 0 655
255.0 0 655
255.0 0 655
255.0 0 655
255.0 0 655
255.0 0 655
255.0 0 655
255.0 0 655
255.0 0 655
255.0 0 655
255.0 0 655
255.0 0 655
255.0 0 655
255.0 0 655
255.0 0 655
255.0 0 655
255.0 0 655
255.0 0 655
255.0 0 655
255.0 0 655
255.0 0 655
255.0 0 655
255.0 0 655
255.0 0 655
255.0 0 655
255.0 0 655
255.0 0 655
255.0 0 655
255.0 0 655
255.0 0 655
255.0 0 655
255.0 0 655
255.0 0 655
255.0 0 655
255.0 0 655
255.0 0 655
255.0 0 655
255.0 0 655
255.0 0 655
255.0 0 655
255.0 0 655
255.0 0 655
255.0 0 655
255.0 0 655
255.0 0 655
255.0 0 655
255.0 0 655
255.0 0 655
255.0 0 655
255.0 0 655
255.0 0 655
255.0 0 655
255.0 0 655
255.0 0 655
255.0 0 655
255.0 0 655
254.0 0 655
254.0 0 655
255.0 0 655
254.0 0 655
255.0 0 655
255.0 0 655
254.0 0 655
254.0 0 655
254.0 0 655
254.0 0 655
252.0 0 655
245.0 0 655
226.0 0 655
193.0 0 655
177.0 0 655
170.0 0 655
170.0 0 655
170.0 0 655
170.0 0 655
170.0 0 655
170.0 0 655
170.0 0 655
170.0 0 655
170.0 0 655
170.0 0 655
170.0 0 655
170.0 0 655
170.0 0 655
170.0 0 655
170.0 0 655
170.0 0 655
170.0 0 655
170.0 0 655
170.0 0 655
170.0 0 655
170.0 0 655
170.0 0 655
170.0 0 655
170.0 0 655
170.0 0 655
170.0 0 655
170.0 0 655
170.0 0 655
170.0 0 655
170.0 0 655
170.0 0 655
170.0 0 655
170.0 0 655
170.0 0 655
170.0 0 655
170.0 0 655
170.0 0 655
170.0 0 655
170.0 0 655
170.0 0 655
170.0 0 655
170.0 0 655
170.0 0 655
170.0 0 655
170.0 0 655
170.0 0 655
170.0 0 655
170.0 0 655
170.0 0 655
170.0 0 655
170.0 0 655
170.0 0 655
170.0 0 655
170.0 0 655
170.0 0 655
170.0 0 655
170.0 0 655
170.0 0 655
170.0 0 655
170.0 0 655
170.0 0 655
170.0 0 655
170.0 0 655
170.0 0 655
170.0 0 655
170.0 0 655
170.0 0 655
170.0 0 655
170.0 0 655
170.0 0 655
170.0 0 655
170.0 0 655
170.0 0 655
170.0 0 655
170.0 0 655
170.0 0 655
170.0 0 655
170.0 0 655
170.0 0 655
170.0 0 655
170.0 0 655
170.0 0 655
170.0 0 655
170.0 0 655
170.0 0 655
170.0 0 655
170.0 0 655
170.0 0 655
170.0 0 655
170.0 0 655
170.0 0 655
170.0 0 655
170.0 0 655
170.0 0 655
170.0 0 655
170.0 0 655
170.0 0 655
170.0 0 655
170.0 0 655
170.0 0 655
170.0 0 655
170.0 0 655
170.0 0 655
170.0 0 655
170.0 0 655
170.0 0 655
170.0 0 655
170.0 0 655
170.0 0 655
170.0 0 655
170.0 0 655
170.0 0 655
170.0 0 655
170.0 0 655
170.0 0 655
170.0 0 655
170.0 0 655
170.0 0 655
170.0 0 655
170.0 0 655
170.0 0 655
170.0 0 655
170.0 0 655
170.0 0 655
170.0 0 655
170.0 0 655
170.0 0 655
170.0 0 655
170.0 0 655
170.0 0 655
170.0 0 655
170.0 0 655
170.0 0 655
170.0 0 655
170.0 0 655
170.0 0 655
170.0 0 655
170.0 0 655
170.0 0 655
170.0 0 655
170.0 0 655
170.0 0 655
170.0 0 655
171.0 0 655
169.0 0 655
170.0 0 655
170.0 0 655
172.0 0 655
178.0 0 655
157.0 0 655
168.0 0 655
168.0 0 655
168.0 0 655
169.0 0 655
169.0 0 655
169.0 0 655
169.0 0 655
169.0 0 655
169.0 0 655
169.0 0 655
169.0 0 655
169.0 0 655
169.0 0 655
169.0 0 655
169.0 0 655
169.0 0 655
169.0 0 655
169.0 0 655
169.0 0 655
169.0 0 655
169.0 0 655
169.0 0 655
169.0 0 655
169.0 0 655
169.0 0 655
169.0 0 655
169.0 0 655
169.0 0 655
169.0 0 655
169.0 0 655
169.0 0 655
169.0 0 655
169.0 0 655
169.0 0 655
169.0 0 655
169.0 0 655
169.0 0 655
169.0 0 655
169.0 0 655
169.0 0 655
169.0 0 655
169.0 0 655
169.0 0 655
169.0 0 655
169.0 0 655
169.0 0 655
169.0 0 655
169.0 0 655
169.0 0 655
169.0 0 655
169.0 0 655
169.0 0 655
169.0 0 655
169.0 0 655
169.0 0 655
169.0 0 655
169.0 0 655
169.0 0 655
169.0 0 655
169.0 0 655
169.0 0 655
169.0 0 655
169.0 0 655
169.0 0 655
169.0 0 655
169.0 0 655
169.0 0 655
169.0 0 655
169.0 0 655
169.0 0 655
169.0 0 655
169.0 0 655
169.0 0 655
169.0 0 655
169.0 0 655
169.0 0 655
169.0 0 655
169.0 0 655
169.0 0 655
169.0 0 655
169.0 0 655
169.0 0 655
169.0 0 655
169.0 0 655
169.0 0 655
169.0 0 655
169.0 0 655
169.0 0 655
169.0 0 655
169.0 0 655
169.0 0 655
169.0 0 655
169.0 0 655
169.0 0 655
169.0 0 655
169.0 0 655
169.0 0 655
169.0 0 655
169.0 0 655
169.0 0 655
169.0 0 655
169.0 0 655
169.0 0 655
169.0 0 655
169.0 0 655
169.0 0 655
169.0 0 655
169.0 0 655
169.0 0 655
169.0 0 655
169.0 0 655
169.0 0 655
169.0 0 655
169.0 0 655
169.0 0 655
169.0 0 655
169.0 0 655
169.0 0 655
169.0 0 655
169.0 0 655
169.0 0 655
169.0 0 655
169.0 0 655
169.0 0 655
169.0 0 655
169.0 0 655
169.0 0 655
169.0 0 655
169.0 0 655
169.0 0 655
169.0 0 655
169.0 0 655
169.0 0 655
169.0 0 655
169.0 0 655
169.0 0 655
169.0 0 655
169.0 0 655
169.0 0 655
169.0 0 655
169.0 0 655
168.0 0 655
168.0 0 655
169.0 0 655
169.0 0 655
169.0 0 655
168.0 0 655
169.0 0 655
162.0 0 655
143.0 0 655
112.0 0 655
92.0 0 655
85.0 0 655
85.0 0 655
85.0 0 655
85.0 0 655
85.0 0 655
85.0 0 655
85.0 0 655
85.0 0 655
85.0 0 655
85.0 0 655
85.0 0 655
85.0 0 655
85.0 0 655
85.0 0 655
85.0 0 655
85.0 0 655
85.0 0 655
85.0 0 655
85.0 0 655
85.0 0 655
85.0 0 655
85.0 0 655
85.0 0 655
85.0 0 655
85.0 0 655
85.0 0 655
85.0 0 655
85.0 0 655
85.0 0 655
85.0 0 655
85.0 0 655
85.0 0 655
85.0 0 655
85.0 0 655
85.0 0 655
85.0 0 655
85.0 0 655
85.0 0 655
85.0 0 655
85.0 0 655
85.0 0 655
85.0 0 655
85.0 0 655
85.0 0 655
85.0 0 655
85.0 0 655
85.0 0 655
85.0 0 655
85.0 0 655
85.0 0 655
85.0 0 655
85.0 0 655
85.0 0 655
85.0 0 655
85.0 0 655
85.0 0 655
85.0 0 655
85.0 0 655
85.0 0 655
85.0 0 655
85.0 0 655
85.0 0 655
85.0 0 655
85.0 0 655
85.0 0 655
85.0 0 655
85.0 0 655
85.0 0 655
85.0 0 655
85.0 0 655
85.0 0 655
85.0 0 655
85.0 0 655
85.0 0 655
85.0 0 655
85.0 0 655
85.0 0 655
85.0 0 655
85.0 0 655
85.0 0 655
85.0 0 655
85.0 0 655
85.0 0 655
85.0 0 655
85.0 0 655
85.0 0 655
85.0 0 655
85.0 0 655
85.0 0 655
85.0 0 655
85.0 0 655
85.0 0 655
85.0 0 655
85.0 0 655
85.0 0 655
85.0 0 655
85.0 0 655
85.0 0 655
85.0 0 655
85.0 0 655
85.0 0 655
85.0 0 655
85.0 0 655
85.0 0 655
85.0 0 655
85.0 0 655
85.0 0 655
85.0 0 655
85.0 0 655
85.0 0 655
85.0 0 655
85.0 0 655
85.0 0 655
85.0 0 655
85.0 0 655
85.0 0 655
85.0 0 655
85.0 0 655
85.0 0 655
85.0 0 655
85.0 0 655
85.0 0 655
85.0 0 655
85.0 0 655
85.0 0 655
85.0 0 655
85.0 0 655
85.0 0 655
85.0 0 655
85.0 0 655
85.0 0 655
85.0 0 655
85.0 0 655
85.0 0 655
85.0 0 655
85.0 0 655
85.0 0 655
85.0 0 655
85.0 0 655
85.0 0 655
85.0 0 655
85.0 0 655
85.0 0 655
85.0 0 655
85.0 0 655
86.0 0 655
89.0 0 655
94.0 0 655
133.0 0 655
122.0 0 655
162.0 0 655
166.0 0 655
169.0 0 655
169.0 0 655
169.0 0 655
169.0 0 655
169.0 0 655
169.0 0 655
169.0 0 655
169.0 0 655
169.0 0 655
169.0 0 655
169.0 0 655
169.0 0 655
169.0 0 655
169.0 0 655
169.0 0 655
169.0 0 655
169.0 0 655
169.0 0 655
169.0 0 655
169.0 0 655
169.0 0 655
169.0 0 655
169.0 0 655
169.0 0 655
169.0 0 655
169.0 0 655
169.0 0 655
169.0 0 655
169.0 0 655
169.0 0 655
169.0 0 655
169.0 0 655
169.0 0 655
169.0 0 655
169.0 0 655
169.0 0 655
169.0 0 655
169.0 0 655
169.0 0 655
169.0 0 655
169.0 0 655
169.0 0 655
169.0 0 655
169.0 0 655
169.0 0 655
169.0 0 655
169.0 0 655
169.0 0 655
169.0 0 655
169.0 0 655
169.0 0 655
169.0 0 655
169.0 0 655
169.0 0 655
169.0 0 655
169.0 0 655
169.0 0 655
169.0 0 655
169.0 0 655
169.0 0 655
169.0 0 655
169.0 0 655
169.0 0 655
169.0 0 655
169.0 0 655
169.0 0 655
169.0 0 655
169.0 0 655
169.0 0 655
169.0 0 655
169.0 0 655
169.0 0 655
169.0 0 655
169.0 0 655
169.0 0 655
169.0 0 655
169.0 0 655
169.0 0 655
169.0 0 655
169.0 0 655
169.0 0 655
169.0 0 655
169.0 0 655
169.0 0 655
169.0 0 655
169.0 0 655
169.0 0 655
169.0 0 655
169.0 0 655
169.0 0 655
169.0 0 655
169.0 0 655
169.0 0 655
169.0 0 655
169.0 0 655
169.0 0 655
169.0 0 655
169.0 0 655
169.0 0 655
169.0 0 655
169.0 0 655
169.0 0 655
169.0 0 655
169.0 0 655
169.0 0 655
169.0 0 655
169.0 0 655
169.0 0 655
169.0 0 655
169.0 0 655
169.0 0 655
169.0 0 655
169.0 0 655
169.0 0 655
169.0 0 655
169.0 0 655
169.0 0 655
169.0 0 655
169.0 0 655
169.0 0 655
169.0 0 655
169.0 0 655
169.0 0 655
169.0 0 655
169.0 0 655
169.0 0 655
169.0 0 655
169.0 0 655
169.0 0 655
169.0 0 655
169.0 0 655
169.0 0 655
169.0 0 655
169.0 0 655
169.0 0 655
169.0 0 655
169.0 0 655
169.0 0 655
169.0 0 655
170.0 0 655
169.0 0 655
169.0 0 655
169.0 0 655
170.0 0 655
169.0 0 655
169.0 0 655
161.0 0 655
143.0 0 655
112.0 0 655
93.0 0 655
84.0 0 655
85.0 0 655
85.0 0 655
85.0 0 655
84.0 0 655
84.0 0 655
84.0 0 655
84.0 0 655
84.0 0 655
84.0 0 655
84.0 0 655
84.0 0 655
84.0 0 655
84.0 0 655
84.0 0 655
84.0 0 655
84.0 0 655
84.0 0 655
84.0 0 655
84.0 0 655
84.0 0 655
84.0 0 655
84.0 0 655
84.0 0 655
84.0 0 655
84.0 0 655
84.0 0 655
84.0 0 655
84.0 0 655
84.0 0 655
84.0 0 655
84.0 0 655
84.0 0 655
84.0 0 655
84.0 0 655
84.0 0 655
84.0 0 655
84.0 0 655
84.0 0 655
84.0 0 655
84.0 0 655
84.0 0 655
84.0 0 655
84.0 0 655
84.0 0 655
84.0 0 655
84.0 0 655
84.0 0 655
84.0 0 655
84.0 0 655
84.0 0 655
84.0 0 655
84.0 0 655
84.0 0 655
84.0 0 655
84.0 0 655
84.0 0 655
84.0 0 655
84.0 0 655
84.0 0 655
84.0 0 655
84.0 0 655
84.0 0 655
84.0 0 655
84.0 0 655
84.0 0 655
84.0 0 655
84.0 0 655
84.0 0 655
84.0 0 655
84.0 0 655
84.0 0 655
84.0 0 655
84.0 0 655
84.0 0 655
84.0 0 655
84.0 0 655
84.0 0 655
84.0 0 655
84.0 0 655
84.0 0 655
84.0 0 655
84.0 0 655
84.0 0 655
84.0 0 655
84.0 0 655
84.0 0 655
84.0 0 655
84.0 0 655
84.0 0 655
84.0 0 655
84.0 0 655
84.0 0 655
84.0 0 655
84.0 0 655
84.0 0 655
84.0 0 655
84.0 0 655
84.0 0 655
84.0 0 655
84.0 0 655
84.0 0 655
84.0 0 655
84.0 0 655
84.0 0 655
84.0 0 655
84.0 0 655
84.0 0 655
84.0 0 655
84.0 0 655
84.0 0 655
84.0 0 655
84.0 0 655
84.0 0 655
84.0 0 655
84.0 0 655
84.0 0 655
84.0 0 655
84.0 0 655
84.0 0 655
84.0 0 655
84.0 0 655
84.0 0 655
84.0 0 655
84.0 0 655
84.0 0 655
84.0 0 655
84.0 0 655
84.0 0 655
84.0 0 655
84.0 0 655
84.0 0 655
84.0 0 655
84.0 0 655
84.0 0 655
84.0 0 655
84.0 0 655
84.0 0 655
84.0 0 655
84.0 0 655
84.0 0 655
84.0 0 655
84.0 0 655
84.0 0 655
84.0 0 655
84.0 0 655
86.0 0 655
89.0 0 655
97.0 0 655
77.0 0 655
81.0 0 655
83.0 0 655
86.0 0 655
85.0 0 655
86.0 0 655
85.0 0 655
85.0 0 655
86.0 0 655
86.0 0 655
86.0 0 655
86.0 0 655
85.0 0 655
85.0 0 655
86.0 0 655
86.0 0 655
86.0 0 655
86.0 0 655
86.0 0 655
86.0 0 655
86.0 0 655
86.0 0 655
86.0 0 655
86.0 0 655
86.0 0 655
86.0 0 655
86.0 0 655
86.0 0 655
86.0 0 655
86.0 0 655
86.0 0 655
86.0 0 655
86.0 0 655
86.0 0 655
86.0 0 655
86.0 0 655
86.0 0 655
86.0 0 655
86.0 0 655
86.0 0 655
86.0 0 655
86.0 0 655
86.0 0 655
86.0 0 655
86.0 0 655
86.0 0 655
86.0 0 655
86.0 0 655
86.0 0 655
86.0 0 655
86.0 0 655
86.0 0 655
86.0 0 655
86.0 0 655
86.0 0 655
86.0 0 655
86.0 0 655
86.0 0 655
86.0 0 655
86.0 0 655
86.0 0 655
86.0 0 655
86.0 0 655
86.0 0 655
86.0 0 655
86.0 0 655
86.0 0 655
86.0 0 655
86.0 0 655
86.0 0 655
86.0 0 655
86.0 0 655
86.0 0 655
86.0 0 655
86.0 0 655
86.0 0 655
86.0 0 655
86.0 0 655
86.0 0 655
86.0 0 655
86.0 0 655
86.0 0 655
86.0 0 655
86.0 0 655
86.0 0 655
86.0 0 655
86.0 0 655
86.0 0 655
86.0 0 655
86.0 0 655
86.0 0 655
86.0 0 655
86.0 0 655
86.0 0 655
86.0 0 655
86.0 0 655
86.0 0 655
86.0 0 655
86.0 0 655
86.0 0 655
86.0 0 655
86.0 0 655
86.0 0 655
86.0 0 655
86.0 0 655
86.0 0 655
86.0 0 655
86.0 0 655
86.0 0 655
86.0 0 655
86.0 0 655
86.0 0 655
86.0 0 655
86.0 0 655
86.0 0 655
86.0 0 655
86.0 0 655
86.0 0 655
86.0 0 655
86.0 0 655
86.0 0 655
86.0 0 655
86.0 0 655
86.0 0 655
86.0 0 655
86.0 0 655
86.0 0 655
86.0 0 655
86.0 0 655
86.0 0 655
86.0 0 655
86.0 0 655
86.0 0 655
86.0 0 655
86.0 0 655
86.0 0 655
86.0 0 655
86.0 0 655
86.0 0 655
86.0 0 655
86.0 0 655
86.0 0 655
86.0 0 655
86.0 0 655
85.0 0 655
85.0 0 655
86.0 0 655
86.0 0 655
85.0 0 655
79.0 0 655
62.0 0 655
30.0 0 655
9.0 0 655
1.0 0 655
1.0 0 655
1.0 0 655
0.0 0 655
0.0 0 655
0.0 0 655
0.0 0 655
0.0 0 655
0.0 0 655
0.0 0 655
0.0 0 655
0.0 0 655
0.0 0 655
0.0 0 655
0.0 0 655
0.0 0 655
0.0 0 655
0.0 0 655
0.0 0 655
0.0 0 655
0.0 0 655
0.0 0 655
0.0 0 655
0.0 0 655
0.0 0 655
0.0 0 655
0.0 0 655
0.0 0 655
0.0 0 655
0.0 0 655
0.0 0 655
0.0 0 655
0.0 0 655
0.0 0 655
0.0 0 655
0.0 0 655
0.0 0 655
0.0 0 655
0.0 0 655
0.0 0 655
0.0 0 655
0.0 0 655
0.0 0 655
0.0 0 655
0.0 0 655
0.0 0 655
0.0 0 655
0.0 0 655
0.0 0 655
0.0 0 655
0.0 0 655
0.0 0 655
0.0 0 655
0.0 0 655
0.0 0 655
0.0 0 655
0.0 0 655
0.0 0 655
0.0 0 655
0.0 0 655
0.0 0 655
0.0 0 655
0.0 0 655
0.0 0 655
0.0 0 655
0.0 0 655
0.0 0 655
0.0 0 655
0.0 0 655
0.0 0 655
0.0 0 655
0.0 0 655
0.0 0 655
0.0 0 655
0.0 0 655
0.0 0 655
0.0 0 655
0.0 0 655
0.0 0 655
0.0 0 655
0.0 0 655
0.0 0 655
0.0 0 655
0.0 0 655
0.0 0 655
0.0 0 655
0.0 0 655
0.0 0 655
0.0 0 655
0.0 0 655
0.0 0 655
0.0 0 655
0.0 0 655
0.0 0 655
0.0 0 655
0.0 0 655
0.0 0 655
0.0 0 655
0.0 0 655
0.0 0 655
0.0 0 655
0.0 0 655
0.0 0 655
0.0 0 655
0.0 0 655
0.0 0 655
0.0 0 655
0.0 0 655
0.0 0 655
0.0 0 655
0.0 0 655
0.0 0 655
0.0 0 655
0.0 0 655
0.0 0 655
0.0 0 655
0.0 0 655
0.0 0 655
0.0 0 655
0.0 0 655
0.0 0 655
0.0 0 655
0.0 0 655
0.0 0 655
0.0 0 655
0.0 0 655
0.0 0 655
0.0 0 655
0.0 0 655
0.0 0 655
0.0 0 655
0.0 0 655
0.0 0 655
0.0 0 655
0.0 0 655
0.0 0 655
0.0 0 655